cube_2/2/2
24
N5 N7 N15 N13 N18 N16 N14 N4 N0 N21 N17 N9 N10 N8 N1 N20 N3 N22 N19 N11 N23 N2 N6 N12
N0 N1 N2 N3 N4 N5 N6 N7 N8 N9 N10 N11 N12 N13 N14 N15 N16 N17 N18 N19 N20 N21 N22 N23
6
f0 0 1 19 17 6 4 7 5 2 9 3 11 12 13 14 15 16 20 18 21 10 8 22 23
f1 18 16 2 3 4 5 6 7 8 0 10 1 13 15 12 14 22 17 23 19 20 21 11 9
r0 0 5 2 7 4 21 6 23 10 8 11 9 3 13 1 15 16 17 18 19 20 14 22 12
r1 4 1 6 3 20 5 22 7 8 9 10 11 12 2 14 0 17 19 16 18 15 21 13 23
d0 0 1 2 3 4 5 18 19 8 9 6 7 12 13 10 11 16 17 14 15 22 20 23 21
d1 1 3 0 2 16 17 6 7 4 5 10 11 8 9 14 15 12 13 18 19 20 21 22 23
0
