cube_6/6/6
216
N0 N1 N2 N3 N4 N5 N6 N7 N8 N13 N28 N11 N12 N22 N15 N21 N16 N17 N18 N19 N14 N20 N26 N23 N24 N25 N9 N27 N10 N29 N30 N31 N32 N33 N34 N35 N36 N37 N38 N39 N40 N41 N42 N61 N52 N49 N64 N47 N48 N58 N51 N50 N63 N53 N54 N55 N57 N56 N45 N59 N60 N43 N62 N44 N46 N65 N66 N67 N68 N69 N70 N71 N72 N73 N74 N75 N76 N77 N78 N100 N80 N81 N97 N83 N84 N85 N93 N86 N99 N89 N90 N91 N87 N92 N98 N95 N96 N82 N94 N88 N79 N101 N102 N103 N104 N105 N106 N107 N108 N109 N110 N111 N112 N113 N114 N133 N116 N134 N118 N119 N120 N121 N123 N128 N127 N125 N126 N135 N122 N129 N117 N131 N132 N136 N130 N124 N115 N137 N138 N139 N140 N141 N142 N143 N144 N145 N146 N147 N148 N149 N150 N154 N152 N170 N151 N155 N156 N166 N159 N164 N160 N161 N162 N163 N165 N158 N157 N167 N168 N172 N153 N171 N169 N173 N174 N175 N176 N177 N178 N179 N180 N181 N182 N183 N184 N185 N186 N208 N207 N202 N190 N191 N192 N206 N200 N201 N196 N197 N198 N199 N195 N194 N189 N203 N204 N205 N193 N188 N187 N209 N210 N211 N212 N213 N214 N215
N0 N1 N2 N3 N4 N5 N6 N7 N8 N9 N10 N11 N12 N13 N14 N15 N16 N17 N18 N19 N20 N21 N22 N23 N24 N25 N26 N27 N28 N29 N30 N31 N32 N33 N34 N35 N36 N37 N38 N39 N40 N41 N42 N43 N44 N45 N46 N47 N48 N49 N50 N51 N52 N53 N54 N55 N56 N57 N58 N59 N60 N61 N62 N63 N64 N65 N66 N67 N68 N69 N70 N71 N72 N73 N74 N75 N76 N77 N78 N79 N80 N81 N82 N83 N84 N85 N86 N87 N88 N89 N90 N91 N92 N93 N94 N95 N96 N97 N98 N99 N100 N101 N102 N103 N104 N105 N106 N107 N108 N109 N110 N111 N112 N113 N114 N115 N116 N117 N118 N119 N120 N121 N122 N123 N124 N125 N126 N127 N128 N129 N130 N131 N132 N133 N134 N135 N136 N137 N138 N139 N140 N141 N142 N143 N144 N145 N146 N147 N148 N149 N150 N151 N152 N153 N154 N155 N156 N157 N158 N159 N160 N161 N162 N163 N164 N165 N166 N167 N168 N169 N170 N171 N172 N173 N174 N175 N176 N177 N178 N179 N180 N181 N182 N183 N184 N185 N186 N187 N188 N189 N190 N191 N192 N193 N194 N195 N196 N197 N198 N199 N200 N201 N202 N203 N204 N205 N206 N207 N208 N209 N210 N211 N212 N213 N214 N215
18
f0 0 1 2 3 4 5 6 7 8 9 10 11 12 13 14 15 16 17 18 19 20 21 22 23 24 25 26 27 28 29 179 173 167 161 155 149 66 60 54 48 42 36 67 61 55 49 43 37 68 62 56 50 44 38 69 63 57 51 45 39 70 64 58 52 46 40 71 65 59 53 47 41 30 73 74 75 76 77 31 79 80 81 82 83 32 85 86 87 88 89 33 91 92 93 94 95 34 97 98 99 100 101 35 103 104 105 106 107 108 109 110 111 112 113 114 115 116 117 118 119 120 121 122 123 124 125 126 127 128 129 130 131 132 133 134 135 136 137 138 139 140 141 142 143 144 145 146 147 148 180 150 151 152 153 154 181 156 157 158 159 160 182 162 163 164 165 166 183 168 169 170 171 172 184 174 175 176 177 178 185 102 96 90 84 78 72 186 187 188 189 190 191 192 193 194 195 196 197 198 199 200 201 202 203 204 205 206 207 208 209 210 211 212 213 214 215
f1 0 1 2 3 4 5 6 7 8 9 10 11 12 13 14 15 16 17 18 19 20 21 22 23 178 172 166 160 154 148 30 31 32 33 34 35 36 37 38 39 40 41 42 43 44 45 46 47 48 49 50 51 52 53 54 55 56 57 58 59 60 61 62 63 64 65 66 67 68 69 70 71 72 24 74 75 76 77 78 25 80 81 82 83 84 26 86 87 88 89 90 27 92 93 94 95 96 28 98 99 100 101 102 29 104 105 106 107 108 109 110 111 112 113 114 115 116 117 118 119 120 121 122 123 124 125 126 127 128 129 130 131 132 133 134 135 136 137 138 139 140 141 142 143 144 145 146 147 186 149 150 151 152 153 187 155 156 157 158 159 188 161 162 163 164 165 189 167 168 169 170 171 190 173 174 175 176 177 191 179 180 181 182 183 184 185 103 97 91 85 79 73 192 193 194 195 196 197 198 199 200 201 202 203 204 205 206 207 208 209 210 211 212 213 214 215
f2 0 1 2 3 4 5 6 7 8 9 10 11 12 13 14 15 16 17 177 171 165 159 153 147 24 25 26 27 28 29 30 31 32 33 34 35 36 37 38 39 40 41 42 43 44 45 46 47 48 49 50 51 52 53 54 55 56 57 58 59 60 61 62 63 64 65 66 67 68 69 70 71 72 73 18 75 76 77 78 79 19 81 82 83 84 85 20 87 88 89 90 91 21 93 94 95 96 97 22 99 100 101 102 103 23 105 106 107 108 109 110 111 112 113 114 115 116 117 118 119 120 121 122 123 124 125 126 127 128 129 130 131 132 133 134 135 136 137 138 139 140 141 142 143 144 145 146 192 148 149 150 151 152 193 154 155 156 157 158 194 160 161 162 163 164 195 166 167 168 169 170 196 172 173 174 175 176 197 178 179 180 181 182 183 184 185 186 187 188 189 190 191 104 98 92 86 80 74 198 199 200 201 202 203 204 205 206 207 208 209 210 211 212 213 214 215
f3 0 1 2 3 4 5 6 7 8 9 10 11 176 170 164 158 152 146 18 19 20 21 22 23 24 25 26 27 28 29 30 31 32 33 34 35 36 37 38 39 40 41 42 43 44 45 46 47 48 49 50 51 52 53 54 55 56 57 58 59 60 61 62 63 64 65 66 67 68 69 70 71 72 73 74 12 76 77 78 79 80 13 82 83 84 85 86 14 88 89 90 91 92 15 94 95 96 97 98 16 100 101 102 103 104 17 106 107 108 109 110 111 112 113 114 115 116 117 118 119 120 121 122 123 124 125 126 127 128 129 130 131 132 133 134 135 136 137 138 139 140 141 142 143 144 145 198 147 148 149 150 151 199 153 154 155 156 157 200 159 160 161 162 163 201 165 166 167 168 169 202 171 172 173 174 175 203 177 178 179 180 181 182 183 184 185 186 187 188 189 190 191 192 193 194 195 196 197 105 99 93 87 81 75 204 205 206 207 208 209 210 211 212 213 214 215
f4 0 1 2 3 4 5 175 169 163 157 151 145 12 13 14 15 16 17 18 19 20 21 22 23 24 25 26 27 28 29 30 31 32 33 34 35 36 37 38 39 40 41 42 43 44 45 46 47 48 49 50 51 52 53 54 55 56 57 58 59 60 61 62 63 64 65 66 67 68 69 70 71 72 73 74 75 6 77 78 79 80 81 7 83 84 85 86 87 8 89 90 91 92 93 9 95 96 97 98 99 10 101 102 103 104 105 11 107 108 109 110 111 112 113 114 115 116 117 118 119 120 121 122 123 124 125 126 127 128 129 130 131 132 133 134 135 136 137 138 139 140 141 142 143 144 204 146 147 148 149 150 205 152 153 154 155 156 206 158 159 160 161 162 207 164 165 166 167 168 208 170 171 172 173 174 209 176 177 178 179 180 181 182 183 184 185 186 187 188 189 190 191 192 193 194 195 196 197 198 199 200 201 202 203 106 100 94 88 82 76 210 211 212 213 214 215
f5 174 168 162 156 150 144 6 7 8 9 10 11 12 13 14 15 16 17 18 19 20 21 22 23 24 25 26 27 28 29 30 31 32 33 34 35 36 37 38 39 40 41 42 43 44 45 46 47 48 49 50 51 52 53 54 55 56 57 58 59 60 61 62 63 64 65 66 67 68 69 70 71 72 73 74 75 76 0 78 79 80 81 82 1 84 85 86 87 88 2 90 91 92 93 94 3 96 97 98 99 100 4 102 103 104 105 106 5 113 119 125 131 137 143 112 118 124 130 136 142 111 117 123 129 135 141 110 116 122 128 134 140 109 115 121 127 133 139 108 114 120 126 132 138 210 145 146 147 148 149 211 151 152 153 154 155 212 157 158 159 160 161 213 163 164 165 166 167 214 169 170 171 172 173 215 175 176 177 178 179 180 181 182 183 184 185 186 187 188 189 190 191 192 193 194 195 196 197 198 199 200 201 202 203 204 205 206 207 208 209 107 101 95 89 83 77
r0 0 1 2 3 4 41 6 7 8 9 10 47 12 13 14 15 16 53 18 19 20 21 22 59 24 25 26 27 28 65 30 31 32 33 34 71 36 37 38 39 40 185 42 43 44 45 46 191 48 49 50 51 52 197 54 55 56 57 58 203 60 61 62 63 64 209 66 67 68 69 70 215 102 96 90 84 78 72 103 97 91 85 79 73 104 98 92 86 80 74 105 99 93 87 81 75 106 100 94 88 82 76 107 101 95 89 83 77 35 109 110 111 112 113 29 115 116 117 118 119 23 121 122 123 124 125 17 127 128 129 130 131 11 133 134 135 136 137 5 139 140 141 142 143 144 145 146 147 148 149 150 151 152 153 154 155 156 157 158 159 160 161 162 163 164 165 166 167 168 169 170 171 172 173 174 175 176 177 178 179 180 181 182 183 184 138 186 187 188 189 190 132 192 193 194 195 196 126 198 199 200 201 202 120 204 205 206 207 208 114 210 211 212 213 214 108
r1 0 1 2 3 40 5 6 7 8 9 46 11 12 13 14 15 52 17 18 19 20 21 58 23 24 25 26 27 64 29 30 31 32 33 70 35 36 37 38 39 184 41 42 43 44 45 190 47 48 49 50 51 196 53 54 55 56 57 202 59 60 61 62 63 208 65 66 67 68 69 214 71 72 73 74 75 76 77 78 79 80 81 82 83 84 85 86 87 88 89 90 91 92 93 94 95 96 97 98 99 100 101 102 103 104 105 106 107 108 34 110 111 112 113 114 28 116 117 118 119 120 22 122 123 124 125 126 16 128 129 130 131 132 10 134 135 136 137 138 4 140 141 142 143 144 145 146 147 148 149 150 151 152 153 154 155 156 157 158 159 160 161 162 163 164 165 166 167 168 169 170 171 172 173 174 175 176 177 178 179 180 181 182 183 139 185 186 187 188 189 133 191 192 193 194 195 127 197 198 199 200 201 121 203 204 205 206 207 115 209 210 211 212 213 109 215
r2 0 1 2 39 4 5 6 7 8 45 10 11 12 13 14 51 16 17 18 19 20 57 22 23 24 25 26 63 28 29 30 31 32 69 34 35 36 37 38 183 40 41 42 43 44 189 46 47 48 49 50 195 52 53 54 55 56 201 58 59 60 61 62 207 64 65 66 67 68 213 70 71 72 73 74 75 76 77 78 79 80 81 82 83 84 85 86 87 88 89 90 91 92 93 94 95 96 97 98 99 100 101 102 103 104 105 106 107 108 109 33 111 112 113 114 115 27 117 118 119 120 121 21 123 124 125 126 127 15 129 130 131 132 133 9 135 136 137 138 139 3 141 142 143 144 145 146 147 148 149 150 151 152 153 154 155 156 157 158 159 160 161 162 163 164 165 166 167 168 169 170 171 172 173 174 175 176 177 178 179 180 181 182 140 184 185 186 187 188 134 190 191 192 193 194 128 196 197 198 199 200 122 202 203 204 205 206 116 208 209 210 211 212 110 214 215
r3 0 1 38 3 4 5 6 7 44 9 10 11 12 13 50 15 16 17 18 19 56 21 22 23 24 25 62 27 28 29 30 31 68 33 34 35 36 37 182 39 40 41 42 43 188 45 46 47 48 49 194 51 52 53 54 55 200 57 58 59 60 61 206 63 64 65 66 67 212 69 70 71 72 73 74 75 76 77 78 79 80 81 82 83 84 85 86 87 88 89 90 91 92 93 94 95 96 97 98 99 100 101 102 103 104 105 106 107 108 109 110 32 112 113 114 115 116 26 118 119 120 121 122 20 124 125 126 127 128 14 130 131 132 133 134 8 136 137 138 139 140 2 142 143 144 145 146 147 148 149 150 151 152 153 154 155 156 157 158 159 160 161 162 163 164 165 166 167 168 169 170 171 172 173 174 175 176 177 178 179 180 181 141 183 184 185 186 187 135 189 190 191 192 193 129 195 196 197 198 199 123 201 202 203 204 205 117 207 208 209 210 211 111 213 214 215
r4 0 37 2 3 4 5 6 43 8 9 10 11 12 49 14 15 16 17 18 55 20 21 22 23 24 61 26 27 28 29 30 67 32 33 34 35 36 181 38 39 40 41 42 187 44 45 46 47 48 193 50 51 52 53 54 199 56 57 58 59 60 205 62 63 64 65 66 211 68 69 70 71 72 73 74 75 76 77 78 79 80 81 82 83 84 85 86 87 88 89 90 91 92 93 94 95 96 97 98 99 100 101 102 103 104 105 106 107 108 109 110 111 31 113 114 115 116 117 25 119 120 121 122 123 19 125 126 127 128 129 13 131 132 133 134 135 7 137 138 139 140 141 1 143 144 145 146 147 148 149 150 151 152 153 154 155 156 157 158 159 160 161 162 163 164 165 166 167 168 169 170 171 172 173 174 175 176 177 178 179 180 142 182 183 184 185 186 136 188 189 190 191 192 130 194 195 196 197 198 124 200 201 202 203 204 118 206 207 208 209 210 112 212 213 214 215
r5 36 1 2 3 4 5 42 7 8 9 10 11 48 13 14 15 16 17 54 19 20 21 22 23 60 25 26 27 28 29 66 31 32 33 34 35 180 37 38 39 40 41 186 43 44 45 46 47 192 49 50 51 52 53 198 55 56 57 58 59 204 61 62 63 64 65 210 67 68 69 70 71 72 73 74 75 76 77 78 79 80 81 82 83 84 85 86 87 88 89 90 91 92 93 94 95 96 97 98 99 100 101 102 103 104 105 106 107 108 109 110 111 112 30 114 115 116 117 118 24 120 121 122 123 124 18 126 127 128 129 130 12 132 133 134 135 136 6 138 139 140 141 142 0 149 155 161 167 173 179 148 154 160 166 172 178 147 153 159 165 171 177 146 152 158 164 170 176 145 151 157 163 169 175 144 150 156 162 168 174 143 181 182 183 184 185 137 187 188 189 190 191 131 193 194 195 196 197 125 199 200 201 202 203 119 205 206 207 208 209 113 211 212 213 214 215
d0 0 1 2 3 4 5 6 7 8 9 10 11 12 13 14 15 16 17 18 19 20 21 22 23 24 25 26 27 28 29 30 31 32 33 34 35 36 37 38 39 40 41 42 43 44 45 46 47 48 49 50 51 52 53 54 55 56 57 58 59 60 61 62 63 64 65 174 175 176 177 178 179 72 73 74 75 76 77 78 79 80 81 82 83 84 85 86 87 88 89 90 91 92 93 94 95 96 97 98 99 100 101 66 67 68 69 70 71 108 109 110 111 112 113 114 115 116 117 118 119 120 121 122 123 124 125 126 127 128 129 130 131 132 133 134 135 136 137 102 103 104 105 106 107 144 145 146 147 148 149 150 151 152 153 154 155 156 157 158 159 160 161 162 163 164 165 166 167 168 169 170 171 172 173 138 139 140 141 142 143 210 204 198 192 186 180 211 205 199 193 187 181 212 206 200 194 188 182 213 207 201 195 189 183 214 208 202 196 190 184 215 209 203 197 191 185
d1 0 1 2 3 4 5 6 7 8 9 10 11 12 13 14 15 16 17 18 19 20 21 22 23 24 25 26 27 28 29 30 31 32 33 34 35 36 37 38 39 40 41 42 43 44 45 46 47 48 49 50 51 52 53 54 55 56 57 58 59 168 169 170 171 172 173 66 67 68 69 70 71 72 73 74 75 76 77 78 79 80 81 82 83 84 85 86 87 88 89 90 91 92 93 94 95 60 61 62 63 64 65 102 103 104 105 106 107 108 109 110 111 112 113 114 115 116 117 118 119 120 121 122 123 124 125 126 127 128 129 130 131 96 97 98 99 100 101 138 139 140 141 142 143 144 145 146 147 148 149 150 151 152 153 154 155 156 157 158 159 160 161 162 163 164 165 166 167 132 133 134 135 136 137 174 175 176 177 178 179 180 181 182 183 184 185 186 187 188 189 190 191 192 193 194 195 196 197 198 199 200 201 202 203 204 205 206 207 208 209 210 211 212 213 214 215
d2 0 1 2 3 4 5 6 7 8 9 10 11 12 13 14 15 16 17 18 19 20 21 22 23 24 25 26 27 28 29 30 31 32 33 34 35 36 37 38 39 40 41 42 43 44 45 46 47 48 49 50 51 52 53 162 163 164 165 166 167 60 61 62 63 64 65 66 67 68 69 70 71 72 73 74 75 76 77 78 79 80 81 82 83 84 85 86 87 88 89 54 55 56 57 58 59 96 97 98 99 100 101 102 103 104 105 106 107 108 109 110 111 112 113 114 115 116 117 118 119 120 121 122 123 124 125 90 91 92 93 94 95 132 133 134 135 136 137 138 139 140 141 142 143 144 145 146 147 148 149 150 151 152 153 154 155 156 157 158 159 160 161 126 127 128 129 130 131 168 169 170 171 172 173 174 175 176 177 178 179 180 181 182 183 184 185 186 187 188 189 190 191 192 193 194 195 196 197 198 199 200 201 202 203 204 205 206 207 208 209 210 211 212 213 214 215
d3 0 1 2 3 4 5 6 7 8 9 10 11 12 13 14 15 16 17 18 19 20 21 22 23 24 25 26 27 28 29 30 31 32 33 34 35 36 37 38 39 40 41 42 43 44 45 46 47 156 157 158 159 160 161 54 55 56 57 58 59 60 61 62 63 64 65 66 67 68 69 70 71 72 73 74 75 76 77 78 79 80 81 82 83 48 49 50 51 52 53 90 91 92 93 94 95 96 97 98 99 100 101 102 103 104 105 106 107 108 109 110 111 112 113 114 115 116 117 118 119 84 85 86 87 88 89 126 127 128 129 130 131 132 133 134 135 136 137 138 139 140 141 142 143 144 145 146 147 148 149 150 151 152 153 154 155 120 121 122 123 124 125 162 163 164 165 166 167 168 169 170 171 172 173 174 175 176 177 178 179 180 181 182 183 184 185 186 187 188 189 190 191 192 193 194 195 196 197 198 199 200 201 202 203 204 205 206 207 208 209 210 211 212 213 214 215
d4 0 1 2 3 4 5 6 7 8 9 10 11 12 13 14 15 16 17 18 19 20 21 22 23 24 25 26 27 28 29 30 31 32 33 34 35 36 37 38 39 40 41 150 151 152 153 154 155 48 49 50 51 52 53 54 55 56 57 58 59 60 61 62 63 64 65 66 67 68 69 70 71 72 73 74 75 76 77 42 43 44 45 46 47 84 85 86 87 88 89 90 91 92 93 94 95 96 97 98 99 100 101 102 103 104 105 106 107 108 109 110 111 112 113 78 79 80 81 82 83 120 121 122 123 124 125 126 127 128 129 130 131 132 133 134 135 136 137 138 139 140 141 142 143 144 145 146 147 148 149 114 115 116 117 118 119 156 157 158 159 160 161 162 163 164 165 166 167 168 169 170 171 172 173 174 175 176 177 178 179 180 181 182 183 184 185 186 187 188 189 190 191 192 193 194 195 196 197 198 199 200 201 202 203 204 205 206 207 208 209 210 211 212 213 214 215
d5 5 11 17 23 29 35 4 10 16 22 28 34 3 9 15 21 27 33 2 8 14 20 26 32 1 7 13 19 25 31 0 6 12 18 24 30 144 145 146 147 148 149 42 43 44 45 46 47 48 49 50 51 52 53 54 55 56 57 58 59 60 61 62 63 64 65 66 67 68 69 70 71 36 37 38 39 40 41 78 79 80 81 82 83 84 85 86 87 88 89 90 91 92 93 94 95 96 97 98 99 100 101 102 103 104 105 106 107 72 73 74 75 76 77 114 115 116 117 118 119 120 121 122 123 124 125 126 127 128 129 130 131 132 133 134 135 136 137 138 139 140 141 142 143 108 109 110 111 112 113 150 151 152 153 154 155 156 157 158 159 160 161 162 163 164 165 166 167 168 169 170 171 172 173 174 175 176 177 178 179 180 181 182 183 184 185 186 187 188 189 190 191 192 193 194 195 196 197 198 199 200 201 202 203 204 205 206 207 208 209 210 211 212 213 214 215
16
