globe_1/8
32
N30 N0 N22 N15 N24 N19 N14 N18 N31 N6 N23 N16 N9 N1 N29 N13 N21 N12 N8 N26 N4 N28 N3 N25 N7 N20 N2 N10 N11 N27 N5 N17
N0 N1 N2 N3 N4 N5 N6 N7 N8 N9 N10 N11 N12 N13 N14 N15 N16 N17 N18 N19 N20 N21 N22 N23 N24 N25 N26 N27 N28 N29 N30 N31
18
r0 1 2 3 4 5 6 7 8 9 10 11 12 13 14 15 0 16 17 18 19 20 21 22 23 24 25 26 27 28 29 30 31
r1 0 1 2 3 4 5 6 7 8 9 10 11 12 13 14 15 17 18 19 20 21 22 23 24 25 26 27 28 29 30 31 16
f0 23 22 21 20 19 18 17 16 8 9 10 11 12 13 14 15 7 6 5 4 3 2 1 0 24 25 26 27 28 29 30 31
f1 0 24 23 22 21 20 19 18 17 9 10 11 12 13 14 15 16 8 7 6 5 4 3 2 1 25 26 27 28 29 30 31
f2 0 1 25 24 23 22 21 20 19 18 10 11 12 13 14 15 16 17 9 8 7 6 5 4 3 2 26 27 28 29 30 31
f3 0 1 2 26 25 24 23 22 21 20 19 11 12 13 14 15 16 17 18 10 9 8 7 6 5 4 3 27 28 29 30 31
f4 0 1 2 3 27 26 25 24 23 22 21 20 12 13 14 15 16 17 18 19 11 10 9 8 7 6 5 4 28 29 30 31
f5 0 1 2 3 4 28 27 26 25 24 23 22 21 13 14 15 16 17 18 19 20 12 11 10 9 8 7 6 5 29 30 31
f6 0 1 2 3 4 5 29 28 27 26 25 24 23 22 14 15 16 17 18 19 20 21 13 12 11 10 9 8 7 6 30 31
f7 0 1 2 3 4 5 6 30 29 28 27 26 25 24 23 15 16 17 18 19 20 21 22 14 13 12 11 10 9 8 7 31
f8 0 1 2 3 4 5 6 7 31 30 29 28 27 26 25 24 16 17 18 19 20 21 22 23 15 14 13 12 11 10 9 8
f9 25 1 2 3 4 5 6 7 8 16 31 30 29 28 27 26 9 17 18 19 20 21 22 23 24 0 15 14 13 12 11 10
f10 27 26 2 3 4 5 6 7 8 9 17 16 31 30 29 28 11 10 18 19 20 21 22 23 24 25 1 0 15 14 13 12
f11 29 28 27 3 4 5 6 7 8 9 10 18 17 16 31 30 13 12 11 19 20 21 22 23 24 25 26 2 1 0 15 14
f12 31 30 29 28 4 5 6 7 8 9 10 11 19 18 17 16 15 14 13 12 20 21 22 23 24 25 26 27 3 2 1 0
f13 17 16 31 30 29 5 6 7 8 9 10 11 12 20 19 18 1 0 15 14 13 21 22 23 24 25 26 27 28 4 3 2
f14 19 18 17 16 31 30 6 7 8 9 10 11 12 13 21 20 3 2 1 0 15 14 22 23 24 25 26 27 28 29 5 4
f15 21 20 19 18 17 16 31 7 8 9 10 11 12 13 14 22 5 4 3 2 1 0 15 23 24 25 26 27 28 29 30 6
0
